0,0,0,0,1,1,0,0,0,0,1
 
1,0,0,0,1,0,0,0,0,0,1
 
0,0,0,0,1,0,1,1,0,0,1
 
0,0,0,0,0,1,1,1,0,0,2
 
1,0,1,0,0,0,0,0,0,0,2
 
1,0,0,1,0,1,1,1,0,0,2
 
1,1,0,0,1,0,1,0,0,0,3
 
0,0,1,0,0,1,2,1,0,0,3
 
1,1,1,0,0,0,1,1,0,0,3
 
1,1,1,0,0,0,2,1,0,0,3
 
1,1,0,0,1,0,1,1,0,0,3
 
1,1,0,0,1,0,1,0,0,1,3
 
1,1,1,0,0,0,1,1,0,1,3
 
1,1,0,0,0,0,1,0,0,0,3
 
0,0,1,1,0,0,1,1,1,0,4
 
1,0,0,1,0,1,0,0,1,0,4
 
1,1,1,1,1,0,2,2,1,0,4
 
0,1,1,1,1,1,2,1,0,0,4
 
0,1,0,1,1,1,0,0,0,0,1
 
0,1,0,1,1,1,0,0,0,0,1
 
0,1,0,1,1,1,0,0,0,0,1
 
0,1,0,1,1,1,0,0,0,0,1
 
0,1,0,1,0,0,0,0,0,0,2
 
1,1,0,1,0,0,0,0,0,0,2
 
0,1,0,1,0,0,0,0,0,0,2
 
0,1,0,1,0,0,0,0,0,0,2
 
0,1,0,1,0,0,0,0,0,0,2
 
0,1,1,1,0,0,0,0,0,0,2
 
1,1,1,1,0,0,0,0,0,0,2
 
1,1,1,1,0,0,0,0,0,0,2
 
1,1,1,1,0,0,1,0,0,0,2
 
0,1,0,1,0,0,0,0,0,0,2
 
0,1,0,1,0,0,0,0,0,0,2
 
0,1,0,1,0,0,0,0,0,0,2
 
0,1,0,1,0,0,1,0,0,0,2
 
0,1,0,1,0,0,1,0,0,0,2
 
0,1,0,1,0,0,1,0,0,0,2
 
0,1,0,1,0,0,1,0,0,0,2
 
0,1,0,1,0,0,1,0,0,0,2
 
0,1,0,1,0,0,1,0,0,0,2
 
0,1,0,1,0,0,1,0,0,0,2
 
0,1,0,1,0,0,2,0,0,0,2
 
0,1,0,1,0,0,2,0,0,0,2
 
0,1,0,1,0,0,2,0,0,0,2
 
1,1,0,1,0,0,2,0,0,0,2
 
1,1,0,1,0,0,2,0,0,0,2
 
1,1,0,1,0,0,2,0,0,0,2
 
0,1,1,1,0,0,2,0,0,0,2
 
1,1,1,1,0,0,2,0,0,0,2
 
1,1,1,1,0,0,3,0,0,0,2
 
0,1,1,1,0,0,2,0,0,0,2
 
0,1,1,1,0,0,2,0,0,0,2
 
0,1,1,1,0,0,2,0,0,0,2
 
0,1,1,1,0,0,2,0,0,0,2
 
0,1,1,1,0,0,2,0,0,0,2
 
0,1,1,1,0,0,2,0,0,0,2
 
0,1,1,1,0,0,2,0,0,0,2
 
0,1,1,1,0,0,2,0,0,0,2
 
0,1,1,1,0,0,2,0,0,0,2
 
0,1,1,1,0,0,2,0,0,0,2
 
0,1,1,1,0,0,1,0,0,0,2
 
0,1,1,1,0,0,1,0,0,0,2
 
1,1,1,1,0,0,1,0,0,0,2
 
1,1,0,1,0,0,1,0,0,0,2
 
1,1,0,1,0,0,1,0,0,0,2
 
1,1,1,1,0,0,1,0,0,0,2
 
1,1,0,1,0,0,2,0,0,0,2
 
1,1,0,1,0,0,2,0,0,0,2
 
1,1,0,1,0,0,2,0,0,0,2
 
Total Cases  : 69; Total False Solutions: 2; Accuration : 97.1014492753623%
 
