0,0,0,0,1,1,0,0,1
 
1,0,0,0,1,0,0,0,1
 
0,0,0,0,1,0,1,0,1
 
0,0,0,0,0,1,1,0,2
 
1,0,1,0,0,0,0,0,2
 
1,0,0,1,0,1,1,0,2
 
1,1,0,0,1,0,1,0,3
 
0,0,1,0,0,1,2,0,3
 
1,1,1,0,0,0,1,0,3
 
1,1,1,0,0,0,2,0,3
 
1,1,0,0,1,0,1,0,3
 
0,0,1,1,0,0,1,1,4
 
1,0,0,1,0,1,0,1,4
 
1,1,1,1,1,0,2,1,4
 
0,1,1,1,1,1,2,0,4
 
0,1,0,1,1,1,0,0,1
 
0,1,0,1,1,1,0,0,1
 
0,1,0,1,1,1,0,0,1
 
0,1,0,1,1,1,0,0,1
 
0,1,0,1,0,0,0,0,2
 
0,1,0,1,0,0,0,0,2
 
0,1,0,1,0,0,0,0,2
 
0,1,0,1,0,0,0,0,2
 
0,1,0,1,0,0,0,0,2
 
0,1,0,1,0,0,0,0,2
 
0,1,0,1,0,0,0,0,2
 
0,1,0,1,0,0,0,0,2
 
0,1,0,1,0,0,0,0,2
 
0,1,0,1,0,0,0,0,2
 
0,1,0,1,0,0,0,0,2
 
0,1,1,1,0,0,0,0,2
 
0,1,1,1,0,0,0,0,2
 
0,1,1,1,0,0,0,0,2
 
0,1,0,1,0,0,0,0,2
 
0,1,0,1,0,0,0,0,2
 
0,1,0,1,0,0,0,0,2
 
0,1,0,1,0,0,0,0,2
 
0,1,0,1,0,0,0,0,2
 
0,1,0,1,0,0,0,0,2
 
0,1,0,1,0,0,0,0,2
 
0,1,0,1,0,0,0,0,2
 
0,1,0,1,0,0,0,0,2
 
0,1,1,1,0,0,0,0,2
 
0,1,0,1,0,0,1,0,2
 
0,1,1,1,0,0,1,0,3
 
0,1,1,1,0,0,1,0,3
 
0,1,1,1,0,0,1,0,2
 
0,1,1,1,0,0,0,0,2
 
0,1,1,1,0,0,0,0,2
 
0,1,1,1,0,0,1,0,2
 
0,1,1,1,0,0,1,0,2
 
0,1,1,1,0,0,1,0,2
 
0,1,1,1,0,0,1,0,2
 
0,1,1,1,0,0,1,0,2
 
0,1,1,1,0,0,1,0,2
 
0,1,1,1,0,0,1,0,2
 
0,1,1,1,0,0,1,0,2
 
0,1,0,1,0,0,2,0,2
 
0,1,0,1,0,0,2,0,2
 
1,1,0,1,0,0,2,0,2
 
0,1,0,1,0,0,1,0,2
 
0,1,0,1,0,0,0,0,2
 
0,1,0,1,0,0,0,0,2
 
0,1,0,1,0,0,0,0,2
 
0,1,0,1,0,0,0,0,2
 
0,1,0,1,0,0,0,0,2
 
0,1,0,1,0,0,0,0,2
 
0,1,1,1,0,0,0,0,2
 
0,1,1,1,0,0,0,0,2
 
1,1,1,1,0,0,1,0,2
 
1,1,0,1,0,0,2,0,2
 
1,1,0,1,0,0,2,0,2
 
1,1,0,1,0,0,3,0,2
 
1,1,0,1,0,0,3,0,2
 
Total Cases  : 74; Total False Solutions: 16; Accuration : 78.3783783783784%
 
