0,0,0,0,1,1,0,0,0,0,1
 
1,0,0,0,1,0,0,0,0,0,1
 
0,0,0,0,1,0,1,1,0,0,1
 
0,0,0,0,0,1,1,1,0,0,2
 
1,0,1,0,0,0,0,0,0,0,2
 
1,0,0,1,0,1,1,1,0,0,2
 
1,1,0,0,1,0,1,0,0,0,3
 
0,0,1,0,0,1,2,1,0,0,3
 
1,1,1,0,0,0,1,1,0,0,3
 
1,1,1,0,0,0,2,1,0,0,3
 
1,1,0,0,1,0,1,1,0,0,3
 
1,1,0,0,1,0,1,0,0,1,3
 
1,1,1,0,0,0,1,1,0,1,3
 
1,1,0,0,0,0,1,0,0,0,3
 
0,0,1,1,0,0,1,1,1,0,4
 
1,0,0,1,0,1,0,0,1,0,4
 
1,1,1,1,1,0,2,2,1,0,4
 
0,1,1,1,1,1,2,1,0,0,4
 
0,1,0,1,1,1,0,0,0,0,1
 
0,1,0,1,1,1,0,0,0,0,1
 
0,1,0,1,1,1,0,0,0,0,1
 
0,1,0,1,1,1,0,0,0,0,1
 
0,1,0,1,0,0,0,0,0,0,2
 
1,1,0,1,0,0,0,0,0,0,2
 
1,1,0,1,0,0,0,0,0,0,2
 
1,1,0,1,0,0,0,0,0,0,2
 
0,1,0,1,0,0,0,0,0,0,2
 
0,1,0,1,0,0,0,0,0,0,2
 
0,1,0,1,0,0,0,0,0,0,2
 
0,1,0,1,0,0,0,0,0,0,2
 
0,1,0,1,0,0,0,0,0,0,2
 
0,1,0,1,0,0,0,0,0,0,2
 
1,1,0,1,0,0,0,0,0,0,2
 
1,1,0,1,0,0,0,0,0,0,2
 
1,1,0,1,0,0,0,0,0,0,2
 
0,1,1,1,0,0,0,0,0,0,2
 
0,1,1,1,0,0,0,0,0,0,2
 
0,1,1,1,0,0,0,0,0,0,2
 
0,1,1,1,0,0,0,0,0,0,2
 
0,1,1,1,0,0,0,0,0,0,2
 
0,1,1,1,0,0,0,0,0,0,2
 
0,1,0,1,0,0,1,0,0,0,2
 
0,1,0,1,0,0,1,0,0,0,2
 
0,1,0,1,0,0,1,0,0,0,2
 
0,1,0,1,0,0,1,0,0,0,2
 
0,1,0,1,0,0,1,0,0,0,2
 
0,1,0,1,0,0,2,0,0,0,2
 
0,1,0,1,0,0,2,0,0,0,2
 
0,1,0,1,0,0,2,0,0,0,2
 
0,1,0,1,0,0,2,0,0,0,2
 
1,1,0,1,0,0,2,0,0,0,2
 
1,1,0,1,0,0,2,0,0,0,2
 
0,1,0,1,0,0,1,0,0,0,2
 
0,1,0,1,0,0,1,0,0,0,2
 
0,1,0,1,0,0,1,0,0,0,2
 
1,1,0,1,0,0,1,0,0,0,2
 
1,1,0,1,0,0,1,0,0,0,2
 
1,1,1,1,0,0,1,0,0,0,2
 
1,1,1,1,0,0,1,0,0,0,2
 
1,1,1,1,0,0,1,0,0,0,2
 
1,1,1,1,0,0,1,0,0,0,2
 
1,1,1,1,0,0,1,0,0,0,2
 
1,1,1,1,0,0,1,0,0,0,2
 
1,1,1,1,0,0,1,0,0,0,2
 
1,1,1,1,0,0,1,0,0,0,2
 
1,1,1,1,0,0,1,0,0,0,2
 
1,1,1,1,0,0,1,0,0,0,2
 
1,1,1,1,0,0,1,0,0,0,2
 
1,1,1,1,0,0,1,0,0,0,2
 
1,1,1,1,0,0,1,0,0,0,2
 
1,1,1,1,0,0,1,0,1,1,2
 
0,1,1,1,0,0,0,0,1,1,2
 
0,1,1,1,0,0,0,0,1,1,2
 
0,1,1,1,0,0,0,0,1,1,2
 
0,1,1,1,0,0,0,0,1,1,2
 
0,1,1,1,0,0,0,0,1,1,2
 
0,1,1,1,0,0,0,0,1,1,2
 
0,1,1,1,0,0,0,0,1,1,2
 
0,1,1,1,0,0,0,0,1,1,2
 
1,1,1,1,0,0,0,0,1,1,2
 
1,1,1,1,0,0,0,0,1,1,2
 
1,1,1,1,0,0,0,0,1,1,2
 
Total Cases  : 82; Total False Solutions: 6; Accuration : 92.6829268292683%
 
0,0,0,0,1,1,0,0,0,0,1
 
1,0,0,0,1,0,0,0,0,0,1
 
0,0,0,0,1,0,1,1,0,0,1
 
0,0,0,0,0,1,1,1,0,0,2
 
1,0,1,0,0,0,0,0,0,0,2
 
1,0,0,1,0,1,1,1,0,0,2
 
1,1,0,0,1,0,1,0,0,0,3
 
0,0,1,0,0,1,2,1,0,0,3
 
1,1,1,0,0,0,1,1,0,0,3
 
1,1,1,0,0,0,2,1,0,0,3
 
1,1,0,0,1,0,1,1,0,0,3
 
1,1,0,0,1,0,1,0,0,1,3
 
1,1,1,0,0,0,1,1,0,1,3
 
1,1,0,0,0,0,1,0,0,0,3
 
0,0,1,1,0,0,1,1,1,0,4
 
1,0,0,1,0,1,0,0,1,0,4
 
1,1,1,1,1,0,2,2,1,0,4
 
0,1,1,1,1,1,2,1,0,0,4
 
0,1,0,1,1,1,0,0,0,0,1
 
0,1,0,1,1,1,0,0,0,0,1
 
0,1,0,1,1,1,0,0,0,0,1
 
0,1,0,1,1,1,0,0,0,0,1
 
0,1,0,1,0,0,0,0,0,0,2
 
1,1,0,1,0,0,0,0,0,0,2
 
1,1,0,1,0,0,0,0,0,0,2
 
1,1,0,1,0,0,0,0,0,0,2
 
0,1,0,1,0,0,0,0,0,0,2
 
0,1,0,1,0,0,0,0,0,0,2
 
0,1,0,1,0,0,0,0,0,0,2
 
0,1,0,1,0,0,0,0,0,0,2
 
0,1,0,1,0,0,0,0,0,0,2
 
0,1,0,1,0,0,0,0,0,0,2
 
1,1,0,1,0,0,0,0,0,0,2
 
1,1,0,1,0,0,0,0,0,0,2
 
1,1,0,1,0,0,0,0,0,0,2
 
0,1,1,1,0,0,0,0,0,0,2
 
0,1,1,1,0,0,0,0,0,0,2
 
0,1,1,1,0,0,0,0,0,0,2
 
0,1,1,1,0,0,0,0,0,0,2
 
0,1,1,1,0,0,0,0,0,0,2
 
0,1,1,1,0,0,0,0,0,0,2
 
0,1,0,1,0,0,1,0,0,0,2
 
0,1,0,1,0,0,1,0,0,0,2
 
0,1,0,1,0,0,1,0,0,0,2
 
0,1,0,1,0,0,1,0,0,0,2
 
0,1,0,1,0,0,1,0,0,0,2
 
0,1,0,1,0,0,2,0,0,0,2
 
0,1,0,1,0,0,2,0,0,0,2
 
0,1,0,1,0,0,2,0,0,0,2
 
0,1,0,1,0,0,2,0,0,0,2
 
1,1,0,1,0,0,2,0,0,0,2
 
1,1,0,1,0,0,2,0,0,0,2
 
0,1,0,1,0,0,1,0,0,0,2
 
0,1,0,1,0,0,1,0,0,0,2
 
0,1,0,1,0,0,1,0,0,0,2
 
1,1,0,1,0,0,1,0,0,0,2
 
1,1,0,1,0,0,1,0,0,0,2
 
1,1,1,1,0,0,1,0,0,0,2
 
1,1,1,1,0,0,1,0,0,0,2
 
1,1,1,1,0,0,1,0,0,0,2
 
1,1,1,1,0,0,1,0,0,0,2
 
1,1,1,1,0,0,1,0,0,0,2
 
1,1,1,1,0,0,1,0,0,0,2
 
1,1,1,1,0,0,1,0,0,0,2
 
1,1,1,1,0,0,1,0,0,0,2
 
1,1,1,1,0,0,1,0,0,0,2
 
1,1,1,1,0,0,1,0,0,0,2
 
1,1,1,1,0,0,1,0,0,0,2
 
1,1,1,1,0,0,1,0,0,0,2
 
1,1,1,1,0,0,1,0,0,0,2
 
1,1,1,1,0,0,1,0,1,1,2
 
0,1,1,1,0,0,0,0,1,1,2
 
0,1,1,1,0,0,0,0,1,1,2
 
0,1,1,1,0,0,0,0,1,1,2
 
0,1,1,1,0,0,0,0,1,1,2
 
0,1,1,1,0,0,0,0,1,1,2
 
0,1,1,1,0,0,0,0,1,1,2
 
0,1,1,1,0,0,0,0,1,1,2
 
0,1,1,1,0,0,0,0,1,1,2
 
1,1,1,1,0,0,0,0,1,1,2
 
1,1,1,1,0,0,0,0,1,1,2
 
1,1,1,1,0,0,0,0,1,1,2
 
0,0,0,0,1,1,0,0,0,0,1
 
1,0,0,0,1,0,0,0,0,0,1
 
0,0,0,0,1,0,1,1,0,0,1
 
0,0,0,0,0,1,1,1,0,0,2
 
1,0,1,0,0,0,0,0,0,0,2
 
1,0,0,1,0,1,1,1,0,0,2
 
1,1,0,0,1,0,1,0,0,0,3
 
0,0,1,0,0,1,2,1,0,0,3
 
1,1,1,0,0,0,1,1,0,0,3
 
1,1,1,0,0,0,2,1,0,0,3
 
1,1,0,0,1,0,1,1,0,0,3
 
1,1,0,0,1,0,1,0,0,1,3
 
1,1,1,0,0,0,1,1,0,1,3
 
1,1,0,0,0,0,1,0,0,0,3
 
0,0,1,1,0,0,1,1,1,0,4
 
1,0,0,1,0,1,0,0,1,0,4
 
1,1,1,1,1,0,2,2,1,0,4
 
0,1,1,1,1,1,2,1,0,0,4
 
0,1,0,1,0,0,0,0,1,1,2
 
0,1,0,1,0,0,0,0,1,1,2
 
0,1,0,1,0,0,0,0,1,1,2
 
1,1,0,1,0,0,0,0,1,1,2
 
0,1,0,1,0,0,0,0,1,1,2
 
0,1,0,1,0,0,0,0,1,1,2
 
0,1,0,1,0,0,0,0,1,1,2
 
0,1,0,1,0,0,0,0,1,1,2
 
0,1,0,1,0,0,0,0,1,1,2
 
1,1,0,1,0,0,0,0,1,1,2
 
0,1,0,1,0,0,0,0,1,1,2
 
0,1,0,1,0,0,0,0,1,1,2
 
0,1,0,1,0,0,0,0,1,1,2
 
0,1,0,1,0,0,0,0,1,1,2
 
0,1,0,1,0,0,0,0,1,1,2
 
0,1,0,1,0,0,0,0,1,1,2
 
0,1,1,1,0,0,0,0,1,1,2
 
0,1,1,1,0,0,0,0,1,1,2
 
0,1,1,1,0,0,0,0,1,1,2
 
0,1,1,1,0,0,0,0,1,1,2
 
0,1,1,1,0,0,0,0,1,1,2
 
0,1,1,1,0,0,0,0,1,1,2
 
0,1,1,1,0,0,1,0,1,1,2
 
0,1,1,1,0,0,2,0,1,1,2
 
1,1,1,1,0,0,2,0,1,1,2
 
0,1,1,1,0,0,1,0,1,1,2
 
0,1,1,1,0,0,1,0,1,1,2
 
0,1,1,1,0,0,1,0,1,1,2
 
0,1,1,1,0,0,1,0,1,1,2
 
0,1,1,1,0,0,1,0,1,1,2
 
0,1,1,1,0,0,1,0,1,1,2
 
0,1,1,1,0,0,1,0,1,1,2
 
0,1,1,1,0,0,1,0,1,1,2
 
0,1,1,1,0,0,1,0,1,1,2
 
0,1,1,1,0,0,1,0,1,1,2
 
0,1,1,1,0,0,1,0,1,1,2
 
0,1,1,1,0,0,1,0,1,1,2
 
0,1,1,1,0,0,1,0,1,1,2
 
0,1,1,1,0,0,1,0,1,1,2
 
0,1,1,1,0,0,1,0,1,1,2
 
0,1,1,1,0,0,1,0,1,1,2
 
0,1,1,1,0,0,1,0,1,1,2
 
0,1,1,1,0,0,1,0,1,1,2
 
0,1,1,1,0,0,1,0,1,1,2
 
0,1,1,1,0,0,1,0,1,1,2
 
0,1,1,1,0,0,1,0,1,1,2
 
0,1,1,1,0,0,1,0,1,1,2
 
0,1,1,1,0,0,1,0,1,1,2
 
1,1,0,1,0,0,1,0,1,1,2
 
1,1,0,1,0,0,1,0,1,1,2
 
0,1,0,1,0,0,0,0,1,1,2
 
0,1,0,1,0,0,0,0,1,1,2
 
0,1,1,1,0,0,0,0,1,1,2
 
1,1,1,1,0,0,0,0,1,1,2
 
1,1,1,1,0,0,0,0,1,1,2
 
0,1,1,1,0,0,0,0,1,1,2
 
0,1,1,1,0,0,0,0,1,1,2
 
0,1,1,1,0,0,0,0,1,1,2
 
1,1,1,1,0,0,0,0,1,1,2
 
1,1,1,1,0,0,0,0,1,1,2
 
0,1,1,1,0,0,0,0,1,1,2
 
0,1,1,1,0,0,0,0,1,1,2
 
0,1,1,1,0,0,0,0,1,1,2
 
1,1,1,1,0,0,0,0,1,1,2
 
1,1,1,1,0,0,0,0,1,1,2
 
1,1,1,1,0,0,0,0,1,1,2
 
Total Cases  : 166; Total False Solutions: 8; Accuration : 95.1807228915663%
 
0,0,0,0,1,1,0,0,0,0,1
 
1,0,0,0,1,0,0,0,0,0,1
 
0,0,0,0,1,0,1,1,0,0,1
 
0,0,0,0,0,1,1,1,0,0,2
 
1,0,1,0,0,0,0,0,0,0,2
 
1,0,0,1,0,1,1,1,0,0,2
 
1,1,0,0,1,0,1,0,0,0,3
 
0,0,1,0,0,1,2,1,0,0,3
 
1,1,1,0,0,0,1,1,0,0,3
 
1,1,1,0,0,0,2,1,0,0,3
 
1,1,0,0,1,0,1,1,0,0,3
 
1,1,0,0,1,0,1,0,0,1,3
 
1,1,1,0,0,0,1,1,0,1,3
 
1,1,0,0,0,0,1,0,0,0,3
 
0,0,1,1,0,0,1,1,1,0,4
 
1,0,0,1,0,1,0,0,1,0,4
 
1,1,1,1,1,0,2,2,1,0,4
 
0,1,1,1,1,1,2,1,0,0,4
 
1,1,0,1,1,1,1,0,0,0,3
 
1,1,0,1,1,1,1,0,0,0,3
 
1,1,0,1,1,1,1,0,0,0,2
 
0,0,0,0,1,1,0,0,0,0,1
 
1,0,0,0,1,0,0,0,0,0,1
 
0,0,0,0,1,0,1,1,0,0,1
 
0,0,0,0,0,1,1,1,0,0,2
 
1,0,1,0,0,0,0,0,0,0,2
 
1,0,0,1,0,1,1,1,0,0,2
 
1,1,0,0,1,0,1,0,0,0,3
 
0,0,1,0,0,1,2,1,0,0,3
 
1,1,1,0,0,0,1,1,0,0,3
 
1,1,1,0,0,0,2,1,0,0,3
 
1,1,0,0,1,0,1,1,0,0,3
 
1,1,0,0,1,0,1,0,0,1,3
 
1,1,1,0,0,0,1,1,0,1,3
 
1,1,0,0,0,0,1,0,0,0,3
 
0,0,1,1,0,0,1,1,1,0,4
 
1,0,0,1,0,1,0,0,1,0,4
 
1,1,1,1,1,0,2,2,1,0,4
 
0,1,1,1,1,1,2,1,0,0,4
 
1,1,0,1,1,1,1,0,0,0,3
 
0,0,0,0,1,1,0,0,0,0,1
 
1,0,0,0,1,0,0,0,0,0,1
 
0,0,0,0,1,0,1,1,0,0,1
 
0,0,0,0,0,1,1,1,0,0,2
 
1,0,1,0,0,0,0,0,0,0,2
 
1,0,0,1,0,1,1,1,0,0,2
 
1,1,0,0,1,0,1,0,0,0,3
 
0,0,1,0,0,1,2,1,0,0,3
 
1,1,1,0,0,0,1,1,0,0,3
 
1,1,1,0,0,0,2,1,0,0,3
 
1,1,0,0,1,0,1,1,0,0,3
 
1,1,0,0,1,0,1,0,0,1,3
 
1,1,1,0,0,0,1,1,0,1,3
 
1,1,0,0,0,0,1,0,0,0,3
 
0,0,1,1,0,0,1,1,1,0,4
 
1,0,0,1,0,1,0,0,1,0,4
 
1,1,1,1,1,0,2,2,1,0,4
 
0,1,1,1,1,1,2,1,0,0,4
 
0,0,0,0,1,1,0,0,0,0,1
 
1,0,0,0,1,0,0,0,0,0,1
 
0,0,0,0,1,0,1,1,0,0,1
 
0,0,0,0,0,1,1,1,0,0,2
 
1,0,1,0,0,0,0,0,0,0,2
 
1,0,0,1,0,1,1,1,0,0,2
 
1,1,0,0,1,0,1,0,0,0,3
 
0,0,1,0,0,1,2,1,0,0,3
 
1,1,1,0,0,0,1,1,0,0,3
 
1,1,1,0,0,0,2,1,0,0,3
 
1,1,0,0,1,0,1,1,0,0,3
 
1,1,0,0,1,0,1,0,0,1,3
 
1,1,1,0,0,0,1,1,0,1,3
 
1,1,0,0,0,0,1,0,0,0,3
 
0,0,1,1,0,0,1,1,1,0,4
 
1,0,0,1,0,1,0,0,1,0,4
 
1,1,1,1,1,0,2,2,1,0,4
 
0,1,1,1,1,1,2,1,0,0,4
 
0,0,0,0,1,1,0,0,0,0,1
 
1,0,0,0,1,0,0,0,0,0,1
 
0,0,0,0,1,0,1,1,0,0,1
 
0,0,0,0,0,1,1,1,0,0,2
 
1,0,1,0,0,0,0,0,0,0,2
 
1,0,0,1,0,1,1,1,0,0,2
 
1,1,0,0,1,0,1,0,0,0,3
 
0,0,1,0,0,1,2,1,0,0,3
 
1,1,1,0,0,0,1,1,0,0,3
 
1,1,1,0,0,0,2,1,0,0,3
 
1,1,0,0,1,0,1,1,0,0,3
 
1,1,0,0,1,0,1,0,0,1,3
 
1,1,1,0,0,0,1,1,0,1,3
 
1,1,0,0,0,0,1,0,0,0,3
 
0,0,1,1,0,0,1,1,1,0,4
 
1,0,0,1,0,1,0,0,1,0,4
 
1,1,1,1,1,0,2,2,1,0,4
 
0,1,1,1,1,1,2,1,0,0,4
 
0,0,0,0,1,1,0,0,0,0,1
 
1,0,0,0,1,0,0,0,0,0,1
 
0,0,0,0,1,0,1,1,0,0,1
 
0,0,0,0,0,1,1,1,0,0,2
 
1,0,1,0,0,0,0,0,0,0,2
 
1,0,0,1,0,1,1,1,0,0,2
 
1,1,0,0,1,0,1,0,0,0,3
 
0,0,1,0,0,1,2,1,0,0,3
 
1,1,1,0,0,0,1,1,0,0,3
 
1,1,1,0,0,0,2,1,0,0,3
 
1,1,0,0,1,0,1,1,0,0,3
 
1,1,0,0,1,0,1,0,0,1,3
 
1,1,1,0,0,0,1,1,0,1,3
 
1,1,0,0,0,0,1,0,0,0,3
 
0,0,1,1,0,0,1,1,1,0,4
 
1,0,0,1,0,1,0,0,1,0,4
 
1,1,1,1,1,0,2,2,1,0,4
 
0,1,1,1,1,1,2,1,0,0,4
 
0,0,0,0,1,1,0,0,0,0,1
 
1,0,0,0,1,0,0,0,0,0,1
 
0,0,0,0,1,0,1,1,0,0,1
 
0,0,0,0,0,1,1,1,0,0,2
 
1,0,1,0,0,0,0,0,0,0,2
 
1,0,0,1,0,1,1,1,0,0,2
 
1,1,0,0,1,0,1,0,0,0,3
 
0,0,1,0,0,1,2,1,0,0,3
 
1,1,1,0,0,0,1,1,0,0,3
 
1,1,1,0,0,0,2,1,0,0,3
 
1,1,0,0,1,0,1,1,0,0,3
 
1,1,0,0,1,0,1,0,0,1,3
 
1,1,1,0,0,0,1,1,0,1,3
 
1,1,0,0,0,0,1,0,0,0,3
 
0,0,1,1,0,0,1,1,1,0,4
 
1,0,0,1,0,1,0,0,1,0,4
 
1,1,1,1,1,0,2,2,1,0,4
 
0,1,1,1,1,1,2,1,0,0,4
 
0,1,0,1,1,1,0,0,0,0,1
 
0,0,0,0,1,1,0,0,0,0,1
 
1,0,0,0,1,0,0,0,0,0,1
 
0,0,0,0,1,0,1,1,0,0,1
 
0,0,0,0,0,1,1,1,0,0,2
 
1,0,1,0,0,0,0,0,0,0,2
 
1,0,0,1,0,1,1,1,0,0,2
 
1,1,0,0,1,0,1,0,0,0,3
 
0,0,1,0,0,1,2,1,0,0,3
 
1,1,1,0,0,0,1,1,0,0,3
 
1,1,1,0,0,0,2,1,0,0,3
 
1,1,0,0,1,0,1,1,0,0,3
 
1,1,0,0,1,0,1,0,0,1,3
 
1,1,1,0,0,0,1,1,0,1,3
 
1,1,0,0,0,0,1,0,0,0,3
 
0,0,1,1,0,0,1,1,1,0,4
 
1,0,0,1,0,1,0,0,1,0,4
 
1,1,1,1,1,0,2,2,1,0,4
 
0,1,1,1,1,1,2,1,0,0,4
 
0,1,0,1,1,1,0,0,0,0,2
 
1,1,0,1,1,1,0,0,0,0,2
 
1,1,0,1,1,1,0,0,0,0,2
 
1,1,0,1,1,1,0,0,0,1,2
 
Total Cases  : 22; Total False Solutions: 1; Accuration : 95.4545454545455%
 
